D1 31 04 00 00 13 13 80 00 00 00 00 00 00 00 00 00 00 00 00 00 00 00 00 00 00 A6 AB
D1 31 04 00 00 13 13 80 00 00 00 00 00 01 00 00 00 00 00 00 00 00 00 00 00 00 A4 A2
D1 31 04 00 00 13 13 80 00 00 00 00 00 08 00 00 00 00 00 00 00 00 00 00 00 00 B9 E3
D1 31 04 00 00 13 13 80 00 00 00 00 00 08 00 00 00 00 00 00 00 00 00 02 00 00 18 23
D1 31 04 00 00 13 13 80 00 00 80 00 00 00 00 00 00 00 00 00 00 00 00 00 00 00 C7 0B
D1 31 04 00 00 13 13 80 00 00 80 00 00 08 00 00 00 00 00 00 00 00 00 00 00 00 D8 43
D1 31 04 00 00 13 13 80 00 00 80 00 00 08 00 00 00 00 00 00 00 00 00 02 00 00 79 83
D1 31 04 00 00 13 13 80 00 02 80 00 00 00 00 00 00 00 00 00 00 00 00 00 00 00 66 6B
D1 31 04 00 00 13 13 80 00 04 80 00 00 00 00 00 00 00 00 00 00 00 00 00 00 00 85 CA
D1 31 04 00 00 13 13 80 00 04 80 00 00 08 00 00 00 00 00 00 00 00 00 02 00 00 3B 42
D1 31 04 00 00 13 13 80 80 02 80 00 00 00 00 00 00 00 00 00 00 00 00 00 00 00 4F 83
D1 31 04 00 00 13 13 80 80 04 80 00 00 00 00 00 00 00 00 00 00 00 00 00 00 00 AC 22
D1 31 04 00 00 13 13 80 80 04 80 00 00 08 00 00 00 00 00 00 00 00 00 00 00 00 B3 6A
D1 31 04 00 00 13 13 90 80 02 80 00 00 00 00 00 00 00 00 00 00 00 00 00 00 00 8B 40
D1 31 04 00 00 13 13 90 80 04 80 00 00 00 00 00 00 00 00 00 00 00 00 00 00 00 68 E1
D1 31 04 00 00 13 13 94 80 04 80 00 00 00 00 00 00 00 00 00 00 00 00 00 00 00 99 D1
D1 31 04 00 00 13 13 94 80 20 80 00 00 00 00 00 00 00 00 00 00 00 00 00 00 00 C2 DA

### COMMUNICATION CYCLE ###
Heat pump sends state (even without controller)
D1 31 04 00 00 13 13 80 00 00 00 00 00 01 00 00 00 00 00 00 00 00 00 00 00 00 A4 2A
  Remote answers with
  D1 31 04 00 00 13 2F 63

Heat pump queries Remote with
03 23 42 00 00 0E 50 53
  Remote answers with
  03 23 42 00 1C 01 00 01 00 00 00 01 5E 00 00 00 00 00 00 00 02 00 84 02 3A 00 00 00 00 00 00 FF FF 7B 27

Heat pump sends
D1 33 20 00 00 1B 36 01 01 01 00 00 00 02 3A 00 02 00 84 01 F4 14 0B 13 88 00 2D 00 2D 01 A8 00 00 00 00 00 00 00 00 03 20 01 7D 01 64 02 25 01 C7 01 D2 0F 14 00 BE 09 38 00 D2 02 64 7E AA
  Remote sends
  D1 33 20 00 00 1B 5D 95
  -- CYCLE REPEATS --


HP
D1 31 04 00 00 13 13 80 00 00 00 00 00 01 00 00 00 00 00 00 00 00 00 00 00 00 A4 2A
RM D1 31 04 00 00 13 13 80 80 02 80 00 00 00 00 00 00 00 00 00 00 00 00 00 00 00 4F 83
HP
03 2D B4 00 00 24 8B C5

HP
03 23 42 00 00 0E 50 53
RM 03 23 42 00 1C 01 00 01 00 00 00 01 5E 00 00 00 00 00 00 00 02 00 84 02 3A 00 00 00 00 00 00 FF FF 7B 27
HP
D1 33 20 00 00 1B 36 01 01 01 00 00 00 02 3A 00 02 00 84 01 F4 14 0B 13 88 00 2D 00 2D 01 A8 00 00 00 00 00 00 00 00 03 20 01 7A 01 64 02 25 01 C7 01 D2 0F 14 00 BE 09 38 00 D2 02 64 CB DE
HP
D1 33 20 00 00 1B 5D 95